lat, lon, z
61.28936389,6.968708596,603
61.28938685,6.968698707,603.4
61.28953756,6.968478095,606.8
61.28958676,6.968407269,607.8
61.28973235,6.968175592,611
61.28981274,6.96805154,612.8
61.28985012,6.967988593,613.8
61.28990745,6.967890356,615.2
61.28996001,6.967792623,616.4
61.2900279,6.967648286,618.2
61.29013963,6.967337821,621.4
61.29027835,6.967067503,625.4
61.29046368,6.966954601,628.8
61.29058136,6.966907997,630.8
61.29069879,6.966864577,632.8
61.29088646,6.966802804,636
61.29096357,6.966756034,637.4
61.29107656,6.966677831,639.6
61.29126096,6.96661857,642.6
61.29142416,6.966565344,645.4
61.29159289,6.966431233,648.8
61.29164234,6.966382115,649.8
61.29180444,6.966210623,653.4
61.29181844,6.966194781,653.8
61.291858,6.966135437,654.8
61.29187007,6.966112385,655.2
61.2918829,6.966090677,655.4
61.29191534,6.966059833,656.2
61.2920357,6.96589211,659.2
61.29206068,6.965855566,659.8
61.292117,6.965770993,661.2
61.29215657,6.965731598,662
61.29222915,6.965668649,663.6
61.29240777,6.96555038,667
61.29242018,6.965538644,667.2
61.29258547,6.965373857,670.8
61.2927656,6.965345023,673.6
61.29285872,6.965626403,672.8
61.29287003,6.965774596,672
61.29283567,6.965808877,671.2
61.29282276,6.965604527,672.6
61.29281891,6.965575946,672.6
61.29281463,6.965511907,673.2
61.29280357,6.965516601,673
61.29280642,6.965536549,672.8
61.29280801,6.96554292,672.8
61.29281094,6.965551134,672.8
61.29281438,6.965558259,672.8
61.29282486,6.965611149,672.6
61.29282779,6.965623639,672.4
61.29282955,6.965636294,672.4
61.29283064,6.965652974,672.2
61.29283089,6.96566647,672.2
61.29283818,6.965767303,671.6
61.29287146,6.96605145,670
61.29288076,6.966098136,669.6
61.29288915,6.966143398,669.4
61.29289753,6.966184974,669.2
61.29290574,6.966223866,669.2
61.29292293,6.966303829,668.8
61.2929334,6.966341799,668.6
61.29294447,6.966378512,668.6
61.29299124,6.966547575,668
61.29302418,6.966700209,667.2
61.29303667,6.966787548,666.8
61.29308679,6.967051997,665.6
61.29314454,6.967279819,664.6
61.29315628,6.967332037,664.4
61.2931655,6.967359195,664.4
61.29321218,6.967489701,664
61.29337572,6.967382495,667.2
61.29345534,6.967048813,670.8
61.29351787,6.966673806,674.6
61.29357965,6.96638614,677.6
61.29366875,6.966053294,681.2
61.29368811,6.966012559,681.8
61.2938311,6.966043403,683.6
61.29393605,6.966385217,682.6
61.29395868,6.96651497,682
61.29396798,6.966556292,681.8
61.29397628,6.966598118,681.6
61.29401978,6.96680339,680.8
61.29405876,6.966969101,680
61.29415481,6.967294654,679
61.29418532,6.967422813,678.4
61.29420577,6.967469752,678.4
61.29438632,6.967554325,680.4
61.29447341,6.967549966,681.6
61.29449118,6.967549379,681.8
61.29460274,6.967535297,683.6
61.29478781,6.967497162,686.6
61.2948889,6.967423232,688.6
61.29492545,6.967381154,689.4
61.29493626,6.967363134,689.6
61.29500055,6.967289373,691
61.29502578,6.967256349,691.6
61.29513214,6.966939847,695.6
61.29514296,6.96685209,696.4
61.29515528,6.9664687,699.4
61.29514195,6.966265776,700.8
61.2951194,6.966156307,701.2
61.29510616,6.9660973,701.4
61.29507917,6.966020438,701.6
61.29506936,6.965985484,701.8
61.29505168,6.96593863,701.8
61.29503206,6.965906359,701.8
61.29502628,6.965895629,701.8
61.29501899,6.965885237,701.8
61.2950122,6.965869564,701.8
61.29500558,6.965857074,701.8
61.29499996,6.965844502,701.8
61.29499208,6.965773675,702.2
61.29502268,6.965597066,704
61.29510532,6.965522636,705.8
61.29516735,6.965546942,706.4
61.29525787,6.965614166,707
61.29538762,6.965920526,705.8
61.29547404,6.966263346,704
61.29548871,6.966301147,704
61.29551696,6.9663791,703.6
61.29565174,6.966676154,702.6
61.29575986,6.966987373,701.2
61.29577319,6.967092651,700.6
61.29577914,6.967206895,699.8
61.29577696,6.967326589,698.8
61.29575685,6.967500431,697.4
61.2956566,6.967853055,693.8
61.29558125,6.968013234,692
61.29543859,6.968286233,688.8
61.29531479,6.968569205,685.6
61.29519291,6.968859304,682.2
61.29509652,6.969177397,678.4
61.29503148,6.969470343,675.4
61.29503374,6.969646028,674
61.29505712,6.969739739,673.6
61.2951049,6.969840239,673.6
61.29529257,6.969878961,675.6
61.29545619,6.969832611,677.4
61.29565249,6.969732783,679.8
61.29579306,6.969923639,679.6
61.29597201,6.970053725,680.2
61.29617326,6.970032352,682.2
61.29635272,6.970006451,684
61.29650485,6.970032939,685
61.29654751,6.970056826,685.2
61.2966097,6.970110554,685.4
61.29665002,6.970150451,685.4
61.29678832,6.970418085,684.6
61.29684901,6.970776496,682.6
61.29691003,6.971095344,680.6
61.29703936,6.97137857,679.8
61.2972106,6.971574285,679.8
61.29738579,6.971607312,681
61.29753934,6.971532712,683
61.29756021,6.971523827,683.2
61.29759332,6.971498094,683.6
61.29763548,6.971454006,684.4
61.29765761,6.971431458,684.8
61.2976768,6.971413271,685
61.29771712,6.971375048,685.6
61.29773062,6.971348814,686
61.29775601,6.971323165,686.4
61.29776557,6.971314866,686.6
61.29776959,6.971310172,686.6
61.29794637,6.971138595,689.4
61.29806782,6.971009848,691.4
61.29826647,6.970974142,693.4
61.29833269,6.970976406,694
61.29851927,6.971108336,694.6
61.298646,6.971331462,694.2
61.29881021,6.971567329,693.8
61.29887567,6.97161234,694
61.29896728,6.971659027,694.6
61.29913148,6.971487785,697.2
61.28899148,6.966689312,610.6
61.29943768,6.972127493,695.2
61.29946601,6.972098323,695.6
61.29951244,6.971985502,696.8
61.29969182,6.971973851,698.6
61.2998587,6.971834376,701
61.29997521,6.971745948,702.8
61.30006137,6.971598426,704.6
61.30013538,6.971523743,705.8
61.30021979,6.971442857,707
61.30025592,6.971384268,707.8
61.30027519,6.971380832,708
61.30030797,6.971370439,708.4
61.30031727,6.971369096,708.6
61.30032507,6.971376641,708.6
61.30033169,6.971385107,708.6
61.30034108,6.971386698,708.6
61.30035164,6.971389883,708.6
61.30039011,6.971395081,709
61.30049648,6.971510333,709
61.30066529,6.971365995,711.6
61.30076168,6.971314362,712.8
61.30080091,6.971327691,713
61.30087593,6.971396003,713.2
61.30089814,6.971414694,713.2
61.30090811,6.971425842,713.2
61.30091901,6.971435145,713.2
61.30093167,6.971442355,713.4
61.30095991,6.971452329,713.6
61.30098891,6.971460041,713.8
61.30100442,6.971458197,713.8
61.30105027,6.971451743,714.4
61.3011454,6.971405558,715.4
61.30132838,6.971482923,716.6
61.30151337,6.971478648,718.2
61.30163558,6.971168771,721.6
61.30163767,6.971123759,721.8
61.3016878,6.97085076,724.4
61.30169266,6.970667866,725.8
61.30177363,6.97038984,729.4
61.30194286,6.970238378,734.2
61.30202458,6.970198479,736
61.30218694,6.970011145,741.4
61.30232113,6.969869659,745.4
61.30250713,6.96979682,749.4
61.30260796,6.969646449,753.2
61.30262481,6.96963069,753.6
61.30267351,6.969579225,755.2
61.30269027,6.969554247,755.8
61.30277929,6.969486857,758.2
61.30296864,6.969412426,762.2
61.3030947,6.96935744,765
61.30324205,6.969251075,768.8
61.30329805,6.969220899,770.2
61.303491,6.969191898,773.6
61.30366945,6.969264066,773.6
61.30373944,6.969246548,774
61.30384471,6.969202206,774.8
61.30402517,6.969221319,774.8
61.30416255,6.969262053,774.4
61.30426808,6.969351992,773.4
61.30431452,6.969375797,773
61.30435349,6.969405217,772.8
61.30436867,6.969420725,772.6
61.30437705,6.969423322,772.6
61.30448023,6.96950295,771.6
61.30455072,6.969518791,771.4
61.3045954,6.969539161,771.2
61.30469296,6.969644437,769.8
61.30470905,6.969634211,770
61.30483269,6.969602862,770.6
61.30500183,6.969685004,769.8
61.30508657,6.969725491,769.2
61.30512019,6.96975315,769
61.30515506,6.969797994,768.4
61.30526151,6.970054731,764.8
61.30541607,6.970251621,762.2
61.30543174,6.970254806,762.2
61.30550416,6.970195881,763.2
61.30567993,6.970038721,765.6
61.30586022,6.970145675,764.4
61.3060282,6.970286825,762.6
61.3062038,6.970151962,764.8
61.30638292,6.97000997,767.2
61.30643665,6.969982226,767.6
61.30663865,6.969945348,768.6
61.30676011,6.969674024,772.6
61.30679531,6.969595654,773.8
61.30682557,6.969512757,775
61.30687829,6.969383843,777
61.30690067,6.969304298,778.2
61.30705213,6.969018307,782.6
61.30707342,6.968986959,783
61.30721281,6.968712619,787.2
61.30730057,6.968377511,792.2
61.30732949,6.968158828,795.4
61.30732379,6.968074591,796.6
61.30732111,6.968035949,797
61.30731356,6.967992783,797.6
61.30730258,6.967954478,798.2
61.30729009,6.967915669,798.8
61.30724399,6.967533287,804.2
61.30725112,6.967492635,804.8
61.30739017,6.967221227,809
61.30750484,6.966921575,813.6
61.30755136,6.96684966,814.6
61.30759075,6.966773886,815.8
61.30764146,6.966679171,817.2
61.30773936,6.966433162,821
61.30780038,6.966307433,823
61.30780583,6.966159493,825
61.30779645,6.966030328,827
61.30779318,6.965814241,830
61.30779074,6.965767221,830.8
61.30777641,6.965623637,832.8
61.30771883,6.965428676,835.6
61.30770785,6.965403194,835.8
61.30769821,6.965381737,836.2
61.30762973,6.965190629,838.8
61.30762679,6.964782514,844.8
61.307634,6.964621497,847.2
61.30763702,6.964463497,849.4
61.30753023,6.964157392,853.6
61.30741549,6.963838796,857.2
61.30733083,6.96349279,859.6
61.30737986,6.963152316,862
61.30739193,6.963033044,863
61.3074154,6.962652338,865.6
61.30738271,6.962243468,868.6
61.30736059,6.961873408,871.2
61.30730761,6.961610048,872.8
61.30723762,6.961244765,875.4
61.30717174,6.960983751,877
61.30705909,6.960868499,877.8
61.30688667,6.960761882,878.2
61.30679296,6.960439766,880.2
61.30678416,6.960381261,880.6
61.30676145,6.9602355,881.6
61.30671241,6.959955377,883.6
61.30674158,6.959536029,886.6
61.30679003,6.959161274,889.4
61.3067757,6.95878962,891.6
61.30675977,6.958757936,891.6
61.30666179,6.95843976,891.8
61.3066068,6.958167013,891.8
61.30660345,6.95782193,891.2
61.30649541,6.957473494,891.6
61.30645325,6.957293869,891.6
61.30647269,6.956904867,890.8
61.30641016,6.956559027,890.8
61.30640304,6.95647873,890.8
61.3063975,6.95644428,890.8
61.30628737,6.956113447,891
61.30627152,6.956007247,891
61.30626608,6.955981012,891
61.30625099,6.955940611,891
61.3061525,6.955733159,891.4
61.30613004,6.955647078,891.4
61.30611713,6.955467871,892.2
61.30611294,6.955421689,892.4
61.30608528,6.955306353,893.2
61.30604488,6.955234939,893.8
61.30602577,6.955213398,894
61.30601998,6.955201746,894
61.30601286,6.955188671,894.2
61.30599098,6.955135111,894.6
61.3059847,6.95511139,894.8
61.30597992,6.955086999,895
61.30597305,6.955060764,895
61.30589736,6.954685421,897.4
61.30587422,6.954601937,898
61.3058464,6.954452656,898.8
61.30584111,6.954403707,899.2
61.3058355,6.954353582,899.4
61.30580264,6.954213269,900.4
61.30578185,6.954073124,901.2
61.30577926,6.954032053,901.4
61.30577532,6.953998188,901.6
61.30572452,6.953862318,902.6
61.30571103,6.953840525,902.8
61.30569887,6.953823594,903
61.3056832,6.953805154,903.2
61.30567071,6.95378135,903.4
61.30554129,6.953510195,905.4
61.30547139,6.953403242,906.4
61.30544281,6.953368959,906.8
61.30531004,6.953076264,909.2
61.30519831,6.952735623,911.6
61.30517769,6.95242323,913.2
61.30517844,6.952046548,915
61.30520736,6.95189668,915.6
61.30531146,6.951567689,916.4
61.30535312,6.95129645,917.4
61.30533912,6.951115234,918.4
61.30530056,6.950991768,919.2
61.30522119,6.950809212,920.6
61.30504718,6.950690524,922.4
61.30485976,6.950648278,923.8
61.3046819,6.950515256,925.8
61.30450923,6.950367484,927.6
61.30442348,6.950243766,928.8
61.30432558,6.950088871,930.2
61.30426967,6.950021731,931
61.30410656,6.949912935,932.6
61.30407672,6.949834479,933.2
61.30402652,6.949726351,934
61.30395829,6.949594087,935.2
61.30386793,6.949426699,936.6
61.303852,6.94905077,938.4
61.30385687,6.948925293,939
61.30385913,6.948753381,939.8
61.30378797,6.948412322,942
61.30374388,6.948313918,942.8
61.30360851,6.948022313,945
61.30342101,6.947916866,944.6
61.30335823,6.947917455,944
61.30323384,6.94762417,944.2
61.30319788,6.947259139,945.6
61.30324457,6.947005083,947.8
61.30335856,6.946769385,949.8
61.30336091,6.94673309,950
61.3032967,6.946454142,950.8
61.30322965,6.946155578,951.8
61.30322847,6.946110316,952
61.30321808,6.946060108,952.2
61.3032247,6.945993724,952.6
61.30322286,6.9458892,953
61.30321825,6.945866989,953
61.30321389,6.945846872,953.2
61.30320542,6.945714272,953.8
61.30319872,6.945628944,954
61.30318439,6.945447391,954.8
61.30317634,6.945391233,955
61.30318791,6.945300036,955.6
61.30313829,6.945085378,956.2
61.30309277,6.944868453,956.8
61.30309126,6.944747836,957.4
61.30307727,6.944658654,957.8
61.30306696,6.944610792,957.8
61.30305539,6.944573495,958
61.30304466,6.944537283,958
61.30303997,6.944524543,958
61.30303267,6.944498643,958.2
61.30302672,6.944460673,958.2
61.30297668,6.944223046,959
61.30296989,6.944178538,959.2
61.30295724,6.944085164,959.4
61.30295657,6.94404074,959.8
61.30297584,6.943732537,961.4
61.30296285,6.94369222,961.4
61.30296243,6.943638994,961.6
61.30294207,6.943502118,962.2
61.30283813,6.943349483,962
61.30282522,6.943294499,962.2
61.30276739,6.943221241,962
61.30275574,6.943218977,962
61.30272816,6.943182014,962
61.30272212,6.943163321,962
61.30270385,6.943139936,962
61.30269497,6.943132646,962
61.30267837,6.943131052,961.8
61.30264451,6.943125017,961.6
61.30260754,6.943099537,961.4
61.30254317,6.94305285,961
61.30249933,6.942961402,961.2
61.30249162,6.942949584,961.2
61.30248399,6.942937011,961.2
61.3024591,6.942913123,961
61.30243915,6.942888563,961
61.30242817,6.942874985,961
61.30231686,6.942574495,961.6
61.30219851,6.942273835,962
61.30219105,6.942240474,962
61.30216087,6.942167971,962.2
61.30213598,6.94196647,963
61.30212533,6.941826409,963.6
61.30213246,6.941781314,963.8
61.30217177,6.941601438,965
61.30214025,6.941343024,966
61.30214084,6.941300109,966.2
61.30214889,6.94126784,966.4
61.30216003,6.941215956,966.8
61.30216531,6.941200364,966.8
61.30221871,6.940832064,969
61.30220873,6.940693259,969.6
61.30218552,6.940624863,969.8
61.3021716,6.940451275,970.6
61.30217135,6.940426546,970.6
61.30217227,6.940409365,970.8
61.30216347,6.940364941,970.8
61.30214771,6.940320936,971
61.3021436,6.940312386,971
61.30206071,6.940155393,971
61.30204713,6.940055648,971.4
61.30197178,6.93984409,971.8
61.30196365,6.939807041,972
61.3019442,6.939739483,972
61.3019059,6.939530355,972.8
61.30187547,6.939404458,973.2
61.30179341,6.939068008,974
61.30177992,6.938977903,974.4
61.30178939,6.938902047,975
61.3017831,6.938869357,975.2
61.30163994,6.938579678,976.6
61.30158763,6.938452777,977.2
61.30154036,6.938325538,978
61.30144296,6.937999568,980
61.30143701,6.937946258,980.4
61.30141564,6.937896218,980.6
61.30141069,6.937809047,981.4
61.30142695,6.937513165,984
61.30140424,6.937406548,984.8
61.30140088,6.937392969,984.8
61.30140013,6.937373355,985
61.30138538,6.937173783,986.6
61.30135026,6.937049395,987.4
61.30134112,6.937009832,987.6
61.30132402,6.936937078,988.2
61.30132235,6.936894833,988.6
61.30132193,6.93677849,989.6
61.30131933,6.936756697,989.8
61.30123685,6.936414381,990.8
61.30122227,6.936340788,991
61.30120886,6.936238445,991.4
61.30120123,6.936169127,991.6
61.3012014,6.936150434,991.6
61.30120961,6.936063179,991.8
61.3012055,6.93599143,992
61.30118036,6.935798312,992.6
61.30116217,6.935692952,993
61.30112219,6.935609634,993.2
61.30112311,6.935590524,993.2
61.30112604,6.935549201,993.4
61.30112152,6.935528749,993.4
61.3011035,6.935420035,993.6
61.3010957,6.935265643,994.2
61.30109671,6.935241335,994.2
61.3010838,6.934953834,995.2
61.30105647,6.934831123,995.4
61.30096318,6.934619482,995.8
61.30088582,6.934360397,996.4
61.30083745,6.934101311,997.2
61.30083988,6.934052948,997.4
61.30085003,6.933983714,997.6
61.3008564,6.933966866,997.6
61.30086025,6.933952029,997.8
61.30086025,6.933935098,997.8
61.30085967,6.933921687,997.8
61.30085581,6.933907187,997.8
61.30084952,6.93389344,998
61.30085053,6.933873156,998
61.30084877,6.933855051,998
61.30084517,6.933832755,998
61.30084718,6.933806855,998.2
61.3008854,6.933684562,998.6
61.3009004,6.933650113,998.8
61.3009066,6.933558499,999.2
61.30089353,6.933508626,999.2
61.30088565,6.933461186,999.4
61.30087199,6.933407625,999.6
61.30085162,6.933389857,999.6
61.30079127,6.93334166,999.6
61.30075447,6.933313077,999.6
61.30071491,6.933229593,999.6
61.30071038,6.933197156,999.8
61.30070929,6.933158431,1000
61.30072279,6.933101517,1000.2
61.30073,6.933052735,1000.4
61.30071131,6.933019208,1000.4
61.30069136,6.932986771,1000.4
61.30068591,6.932974784,1000.4
61.30066973,6.932959192,1000.4
61.30062841,6.932879649,1000.6
61.30061332,6.932749058,1001
61.30061584,6.932686446,1001.2
61.30059723,6.932555102,1001.6
61.30057653,6.932461224,1001.8
61.30055322,6.932376315,1002
61.30053881,6.932351339,1002
61.30053118,6.932308841,1002.2
61.30053109,6.932245642,1002.4
61.30052715,6.932222592,1002.4
61.30049002,6.932058977,1002.8
61.30048005,6.931974739,1003.2
61.30048022,6.931944898,1003.2
61.30047871,6.931850435,1003.6
61.30046739,6.931761,1003.8
61.30045926,6.931722527,1003.8
61.30045096,6.931695036,1004
61.30043236,6.93163477,1004
61.30041853,6.931581375,1004.2
61.30040922,6.931544243,1004.4
61.30040336,6.931450871,1004.6
61.30040444,6.931385659,1004.8
61.30038114,6.931286836,1005
61.30037729,6.931263534,1005.2
61.30037544,6.931245681,1005.2
61.30036899,6.931211399,1005.2
61.30036614,6.931186169,1005.4
61.30036044,6.931108134,1005.6
61.3003539,6.931093632,1005.6
61.30033714,6.931040241,1005.8
61.30034703,6.930992128,1006
61.3003591,6.930955835,1006
61.30035558,6.930916859,1006.2
61.30033856,6.930898419,1006.2
61.30030956,6.930884336,1006.2
61.30028358,6.930852989,1006.2
61.30025474,6.9307628,1006.4
61.30017084,6.93060983,1006.6
61.30012214,6.93049835,1008
61.30010856,6.93046608,1008.4
61.30009591,6.930425344,1008.8
61.30008291,6.930382429,1009.4
61.3000633,6.930305399,1010.2
61.30002474,6.930163493,1012
61.29997764,6.929921004,1015
61.299968,6.929892005,1015.2
61.29992408,6.929777172,1016.6
61.29991771,6.929647839,1018.2
61.29991712,6.929584219,1019
61.29991259,6.929502916,1020
61.29987186,6.929389592,1021.4
61.29975283,6.9290891,1024.8
61.29973968,6.929067728,1025.2
61.29972584,6.929043671,1025.4
61.2996826,6.928957758,1026.4
61.29959911,6.928686519,1029.6
61.29958813,6.928614098,1030.4
61.29958134,6.928590378,1030.8
61.29942292,6.928354595,1033.2
61.29925537,6.928186789,1035
61.29922,6.928144293,1035.4
61.29918488,6.928101714,1035.8
61.2991205,6.927856038,1038.8
61.29893124,6.927969278,1036.8
61.29886326,6.92816969,1034.2
61.29876469,6.928270357,1032.6
61.29858457,6.928204809,1032.8
61.29849178,6.928373537,1030.4
61.29840888,6.928437323,1029.4
61.29838323,6.928539668,1028
61.29834501,6.928653409,1026.6
61.29827737,6.928862034,1023.6
61.29824786,6.928946356,1022.6
61.29823596,6.929034032,1021.4
61.29823722,6.929120198,1020.2
61.29821878,6.929256739,1018.6
61.29814653,6.929340809,1017.2
61.29812968,6.929341983,1017.2
61.29805944,6.929359082,1016.8
61.29805223,6.929380456,1016.4
61.2980182,6.92942052,1015.8
61.29800756,6.929428232,1015.8
61.297998,6.929427898,1015.8
61.29798425,6.929429407,1015.6
61.29798451,6.92943737,1015.6
61.29797176,6.929499059,1014.8
61.2979555,6.929500652,1014.6
61.29789859,6.929504341,1014.4
61.29787705,6.929506018,1014.4
61.29785643,6.929507189,1014.4
61.2978074,6.929500989,1014.2
61.29778837,6.929521022,1014
61.29778183,6.929550357,1013.6
61.29777236,6.929577347,1013.2
61.2977411,6.929650857,1012.2
61.29773011,6.929676336,1011.8
61.29770413,6.92971196,1011.2
61.29763003,6.929707434,1011.2
61.2975701,6.929717994,1010.8
61.29755451,6.929740376,1010.6
61.29754119,6.929770214,1010.2
61.29752551,6.92980458,1009.6
61.29748226,6.929945983,1007.8
61.29742376,6.93023717,1003.8
61.29733549,6.930405563,1001.4
61.29732016,6.930427942,1001.2
61.29730239,6.930448897,1000.8
61.29728202,6.930459207,1000.6
61.29715377,6.930529029,999.4
61.29702034,6.930775121,997.4
61.29700374,6.93092172,997
61.29693442,6.931000678,996.4
61.29674566,6.931061112,995.8
61.29655807,6.931114673,995
61.29638775,6.931110312,994.6
61.29620377,6.93101082,994.4
61.29600998,6.931062535,993.8
61.29582105,6.931076534,993.2
61.29570186,6.931057172,992.8
61.29554395,6.930879895,993
61.29552626,6.930863801,993
61.29549558,6.930842846,993
61.29546222,6.93083438,993
61.29534664,6.930718626,993
61.29520808,6.930713514,992
61.29512988,6.930534142,992.2
61.29506207,6.930394164,992.4
61.2949542,6.930337922,990.8
61.29492084,6.930316883,990.4
61.2947739,6.930403803,986.4
61.29473853,6.930407992,985.8
61.29469788,6.930396008,985
61.29456729,6.930634725,979.8
61.29448565,6.930940999,975.6
61.29448649,6.931035713,974.8
61.29455698,6.931430418,972.8
61.29462906,6.931781453,971.2
61.29463325,6.931974487,969.6
61.29451993,6.932333986,964.2
61.29450451,6.93237422,963.6
61.29435598,6.932623163,958.4
61.29426328,6.932891719,954.4
61.29423176,6.933096489,952
61.29421106,6.933316095,949.6
61.2942217,6.933394467,949.2
61.29416814,6.933640642,946
61.29410125,6.93380057,943.2
61.29409941,6.933874917,942.6
61.29396848,6.934069544,938.2
61.29394443,6.934206757,936.6
61.293943,6.934219161,936.4
61.29391534,6.934594839,932.6
61.29389632,6.934695755,931.4
61.29389204,6.934718303,931.2
61.29389782,6.934705227,931.4
61.29388752,6.934735151,931
61.29388282,6.934740013,930.8
61.29388265,6.934754261,930.6
61.2938798,6.934922487,929.2
61.29385533,6.93502592,927.8
61.29381602,6.935063722,926.6
61.29381694,6.935150726,926
61.29379825,6.935273856,924.4
61.29376874,6.935344935,923.2
61.29376732,6.935387597,922.8
61.29377126,6.935430095,922.6
61.293799,6.935554901,922
61.29386513,6.935763442,921.6
61.29387637,6.93580443,921.4
61.29388726,6.93584391,921.4
61.29390243,6.935877688,921.4
61.2939648,6.935949437,922
61.29401995,6.936166362,921.2
61.29400067,6.936457799,918.2
61.2940378,6.936675478,917.2
61.2941238,6.937034223,915.8
61.29419052,6.937373859,914.2
61.29421114,6.937523811,913.2
61.29425833,6.937905188,911
61.29430284,6.938103083,910.2
61.29435757,6.938335346,909.6
61.29446872,6.93845571,910.8
61.29446553,6.938525783,910.2
61.29443645,6.938611949,909.2
61.29441113,6.938696858,908.2
61.29439512,6.938738516,907.6
61.2943797,6.938776737,907
61.29436889,6.938811019,906.6
61.29436277,6.938844379,906.2
61.29433335,6.939229695,903.2
61.29430518,6.939535466,900.6
61.29426872,6.939899745,897.6
61.29424517,6.940136113,895.8
61.29426252,6.940266619,895.2
61.29425867,6.940472983,893.8
61.2942393,6.940829885,891.2
61.29422606,6.941200364,888.4
61.29420946,6.941571179,885.8
61.2941756,6.94174041,884
61.29409589,6.942100916,880.2
61.29402012,6.94238238,877
61.29400193,6.942756968,874.4
61.29402783,6.943135914,872.4
61.29392439,6.943461467,868.4
61.29387922,6.943840581,865
61.29388978,6.944255902,862.6
61.29399455,6.94459998,862.2
61.29406203,6.94478103,862.2
61.2941129,6.944843308,862.8
61.294087,6.945037852,861
61.29411156,6.945085461,861.2
61.2941528,6.945186965,861.4
61.29424634,6.945387459,861.8
61.29427258,6.945451162,861.8
61.29423796,6.945641683,860
61.29419102,6.945788114,858.2
61.29415833,6.94593572,856.6
61.29415942,6.94601275,856
61.29418616,6.946394882,854
61.29420402,6.946458751,854
61.29419027,6.946663772,852.4
61.29414668,6.946781874,850.8
61.29414626,6.946850942,850.4
61.29418817,6.946977425,850.4
61.29421634,6.947098626,850
61.29421047,6.947482852,846.2
61.29420611,6.947572874,845
61.29422036,6.947743781,843.2
61.29410771,6.948025412,837.8
61.29395231,6.948153572,833.4
61.29377117,6.948307045,828.2
61.2936752,6.94837452,825.6
61.29357269,6.948494213,822.2
61.29350446,6.948470744,821.2
61.29332685,6.948596305,816.6
61.29316902,6.948797888,811.2
61.29308931,6.949000479,807.2
61.29295737,6.949268867,801.6
61.29289811,6.949627278,796
61.29285998,6.949994824,790.8
61.29276534,6.950329178,785
61.2927117,6.950468487,782.2
61.29271279,6.950491286,782
61.29271355,6.950545935,781.4
61.29269972,6.950589436,780.6
61.29262084,6.950601927,779
61.29260751,6.950670407,777.8
61.29250349,6.950781717,774.6
61.29249947,6.95083553,773.8
61.29250609,6.951062679,771.2
61.29254591,6.951183545,770.4
61.29256225,6.951213554,770.4
61.29259528,6.951280775,770
61.29259058,6.951359735,769
61.29244155,6.951518822,764.4
61.29242244,6.951509939,764.2
61.29240467,6.951517901,763.8
61.29225304,6.951750247,758
61.29214953,6.951900952,754.4
61.29210779,6.952005392,752.4
61.29201399,6.952255256,747.6
61.29187728,6.952519371,743
61.29174183,6.952790273,739.4
61.29165952,6.952978028,737.2
61.29161543,6.95310317,735.6
61.29160881,6.953130327,735.4
61.29160051,6.953162598,735
61.29155776,6.953255552,734
61.29151208,6.953343228,732.8
61.29144117,6.953413718,731.4
61.29135308,6.953671547,728.4
61.29127228,6.953712701,727
61.29123632,6.953705829,726.6
61.29118066,6.95380574,725.2
61.29115359,6.953916382,724.2
61.29113657,6.95404035,723
61.29112769,6.954450478,720.2
61.29104303,6.954695312,717.4
61.2909396,6.954927407,714.4
61.29077305,6.955056237,711.4
61.29068554,6.955395536,708
61.29065176,6.95551808,706.6
61.29056979,6.955556469,705.4
61.29041992,6.955731064,702.4
61.29037449,6.956107495,699.8
61.29034122,6.956396001,697.8
61.29023636,6.956668077,695
61.29017592,6.957033359,692.2
61.29016117,6.957137213,691.6
61.29002941,6.957398812,688.4
61.28996403,6.957601821,686.4
61.28990745,6.957978838,683.8
61.289872,6.958169024,682.2
61.28983,6.958419895,680.4
61.28976194,6.958623994,678.2
61.28958953,6.958772355,674.8
61.28941166,6.958924066,671.2
61.28928082,6.958915432,669.4
61.28914747,6.959157417,665.8
61.28898117,6.95926764,662.6
61.28882057,6.959332097,659.8
61.28877841,6.959431759,658.6
61.28869853,6.959703919,655.6
61.28866349,6.959754546,654.6
61.28854196,6.959860995,652.2
61.28836677,6.959921345,649.2
61.28821959,6.960032154,646.4
61.28814784,6.960004997,645.6
61.28806871,6.959658741,646.8
61.28802002,6.959482218,647.4
61.28801457,6.959450953,647.4
61.28800744,6.959433014,647.6
61.28799462,6.959412983,647.4
61.28796796,6.959365959,647.4
61.2879103,6.959217935,647.6
61.28779639,6.958938735,648
61.28779496,6.958789788,649
61.28769723,6.9584898,649.6
61.28759396,6.958236331,650
61.28752272,6.958071878,650
61.28745424,6.95771305,651.6
61.28740604,6.957597127,651.8
61.28734829,6.957621519,650.8
61.28729247,6.957687399,649.4
61.28716171,6.957541807,648.6
61.28714033,6.957533844,648.4
61.28713556,6.957531162,648.4
61.28703665,6.957627301,646.2
61.28701435,6.957737189,645.2
61.28690556,6.957744984,643.6
61.28683641,6.95775127,643.8
61.286651,6.95784607,645.6
61.28656433,6.957870292,646.6
61.28639518,6.957981186,648.2
61.2862143,6.958045056,650.2
61.2861511,6.958112447,650.6
61.28613627,6.95813491,650.8
61.2859812,6.958368681,651.2
61.2859698,6.958391564,651.2
61.28594164,6.958437244,651.4
61.28592613,6.958457363,651.4
61.28591029,6.95848125,651.4
61.28589403,6.958503463,651.6
61.28587777,6.958525255,651.6
61.28584676,6.958578061,651.6
61.28582731,6.958600021,651.8
61.28580669,6.95861645,652
61.28578397,6.958618377,652.2
61.28561265,6.958637739,654.4
61.28554299,6.958685014,655.2
61.28552397,6.958703621,655.2
61.28539438,6.958823316,656.2
61.28533973,6.958865643,656.6
61.28524569,6.958901853,657.6
61.28511527,6.958955499,659.2
61.28493028,6.959033282,661.2
61.28484512,6.959018613,662.4
61.28473188,6.95900537,664
61.28469357,6.959004365,664.6
61.28466038,6.958986428,665.2
61.28451806,6.959037809,666.8
61.28450314,6.95903806,667
61.2844878,6.95904904,667.2
61.2844603,6.959078461,667.4
61.28433592,6.959169321,668.4
61.28430474,6.95919916,668.6
61.28419125,6.959306113,669.4
61.28414523,6.959313742,670
61.28409745,6.959300329,670.8
61.28404884,6.95931852,671.4
61.28386846,6.959292953,674
61.28373426,6.959305443,675.8
61.28370694,6.959309884,676
61.2836103,6.959330924,677.2
61.28351114,6.959244843,679.2
61.28340242,6.959292198,680.4
61.28337669,6.959282224,680.8
61.28332925,6.959278622,681.6
61.28315214,6.959290775,683.8
61.28311769,6.959318938,684.2
61.28299146,6.959438464,685
61.28282407,6.9595626,686.6
61.28277797,6.959582549,687
61.28275182,6.959618591,687.2
61.28271385,6.959623705,687.6
61.28264302,6.959601744,688.8
61.28262936,6.95960979,688.8
61.28259743,6.959628901,689.2
61.28246256,6.959571987,691.4
61.28229928,6.959730824,691.8
61.28226575,6.959750774,692
61.28220021,6.959801736,692.2
61.28217397,6.959769715,692.8
61.28214011,6.959743816,693.4
61.28209049,6.959706685,694.4
61.28198857,6.959637116,696.2
61.28181254,6.959566874,698.8
61.28180249,6.959567796,699
61.28172596,6.959565199,699.8
61.28155539,6.959653291,701
61.28142455,6.959647592,702.4
61.28139093,6.959680366,702.6
61.28120963,6.959665028,704.8
61.28106463,6.959533096,707.6
61.28102104,6.959545837,708
61.28091124,6.959589171,708.8
61.28072482,6.959643065,710.4
61.2805385,6.959676342,712.2
61.28037714,6.959776171,713.2
61.28020062,6.959848004,714.6
61.28018495,6.959865354,714.6
61.28010331,6.959906006,715.2
61.27991715,6.95989117,717.4
61.27978966,6.959969038,718
61.27976443,6.959960489,718.4
61.2796765,6.959998877,719.2
61.27966636,6.96000793,719.2
61.27960576,6.960064089,719.2
61.27956117,6.960100885,719.4
61.27949839,6.960116391,720
61.27941691,6.960257878,719.6
61.27928465,6.960262489,721.2
61.27925581,6.960261147,721.4
61.27908155,6.960217981,723.8
61.27902581,6.96028076,723.8
61.27899497,6.960302218,724
61.27881509,6.960392407,725.2
61.27868274,6.96044161,726.2
61.27865508,6.960453429,726.4
61.2786115,6.960448819,727
61.27853522,6.960563902,726.8
61.27848359,6.960643698,726.6
61.2784219,6.960620061,727.4
61.27841226,6.960637831,727.4
61.27837613,6.960719805,726.8
61.27833632,6.960755009,727
61.2782898,6.960757188,727.4
61.27827287,6.960763306,727.4
61.27825585,6.960763642,727.6
61.27815426,6.960773869,728.6
61.27796835,6.960809493,730
61.27791697,6.960908985,729.6
61.27773039,6.960856094,731.8
61.27763283,6.960866237,732.8
61.2774387,6.960856094,734.8
61.27739696,6.960867663,735
61.27722488,6.960958689,735.8
61.27710183,6.9609778,736.8
61.27698474,6.961141499,736.4
61.2769528,6.961222134,736
61.27687971,6.961312154,735.8
61.27684903,6.961366552,735.6
61.27670872,6.961635779,734.6
61.2765985,6.961965776,732.6
61.27658207,6.961984634,732.4
61.27639574,6.961953369,735.8
61.27633849,6.961962589,736.8
61.27616876,6.961933756,739.8
61.27604923,6.961897547,742
61.27601411,6.961908024,742.6
61.27595569,6.961917578,743.6
61.27590138,6.961968205,744.6
61.27583876,6.962077003,745.6
61.27581982,6.962088989,745.8
61.27572074,6.96204951,747.6
61.27571069,6.962058479,747.8
61.27564514,6.962109189,749
61.27562787,6.962109525,749.2
61.27553903,6.962092508,750.8
61.27545269,6.962075998,752.4
61.27535395,6.962096951,754.2
61.27527483,6.962111536,755.6
61.27517324,6.96212218,757.4
61.27507961,6.96215772,759
61.27506268,6.962161996,759.2
61.27486487,6.962143806,762.8
61.2748046,6.962183872,763.8
61.27469388,6.962232403,765.6
61.2745073,6.962263166,769
61.27430638,6.962278085,772.4
61.27410958,6.962295687,776
61.27392241,6.962361988,779.2
61.27373046,6.962305913,782.6
61.27364078,6.962295183,784.2
61.27344657,6.962248916,787.8
61.27339426,6.962236679,788.8
61.2733464,6.962229051,789.6
61.27315991,6.962233158,793
61.27299369,6.962245898,795.8
61.27294449,6.962232237,796.8
61.27283058,6.962205749,798.8
61.27265045,6.962273223,802
61.27262799,6.962257884,802.4
61.27260687,6.962238438,802.8
61.27258826,6.962225195,803
61.27251199,6.962222261,804.4
61.27243387,6.962213376,805.8
61.27241853,6.96220994,806.2
61.27224167,6.962241205,809.2
61.27206154,6.962244976,812.4
61.27188896,6.962326447,815.4
61.27175275,6.962195523,818
61.27179441,6.962099719,817.4
61.27179793,6.962058395,817.4
61.27179164,6.96186645,817.6
61.27170984,6.96167417,819.4
61.27156022,6.96144308,822.4
61.2713754,6.961306875,825.8
61.27133667,6.961178212,826.6
61.27119334,6.960932287,829.6
61.27106217,6.960661719,832.2
61.27088732,6.960573122,835.4
61.27086712,6.960561973,835.8
61.27068523,6.960587873,839
61.27064542,6.960590893,839.8
61.27046772,6.960679907,842.8
61.27027134,6.960614277,846.4
61.27022607,6.960593993,847.2
61.27014661,6.960606816,847.4
61.27003849,6.960568093,847.4
61.26991083,6.960476395,847.6
61.26983875,6.960427696,847.6
61.26965979,6.960277995,847.8
61.26961051,6.960270618,847.8
61.26942979,6.960248239,847.6
61.26923223,6.960219741,847.6
61.26905227,6.960120498,847.8
61.26885345,6.960102227,847.8
61.26877902,6.960065096,847.8
61.26860526,6.959963088,847.8
61.26847878,6.959893099,848
61.2682984,6.959846578,848
61.26822414,6.959823864,848
61.26804074,6.959750689,848
61.26795776,6.959714899,848
61.26777764,6.959668799,848
61.26760765,6.959501412,848.2
61.26750489,6.959393537,848.4
61.26742006,6.959344251,848.4
61.2672489,6.959529407,848.2
61.26712963,6.959564695,848
61.2670552,6.959534437,848
61.2669625,6.959508368,848
61.26677675,6.959406446,848.2
61.26674959,6.959389682,848.2
61.26657601,6.959295888,848.2
61.26639437,6.959174685,848.4
61.26637308,6.959156663,848.4
61.26617501,6.959169572,848.4
61.26598332,6.959158425,848.4
61.26594778,6.959152054,848.4
61.26583789,6.959102518,848.4
61.26570135,6.959077455,848.4
61.26554545,6.958998665,848.4
61.26535183,6.958927251,848.4
61.26516868,6.958800853,848.6
61.26499493,6.958668755,848.8
61.26481824,6.958591305,848.6
61.26464456,6.958483094,848.4
61.2644879,6.95822686,849.2
61.2643061,6.958258795,848
61.2642631,6.958223591,848
61.26410251,6.957977918,848.8
61.26394543,6.9577361,849.4
61.26381408,6.957430999,850
61.26366614,6.957147019,850.4
61.26356623,6.956953733,850.6
61.26341904,6.956667908,851
61.26339532,6.956583252,851
61.26336867,6.956397844,851.4
61.26331938,6.956248982,851.6
61.26326599,6.956155021,851.6
61.26324596,6.956135407,851.6
61.26322534,6.956115291,851.6
61.26320547,6.956092744,851.6
61.26306206,6.955850758,852
61.26295326,6.955719581,852.2
61.262879,6.955606844,852.2
61.26283131,6.9555304,852.2
61.26265193,6.955391178,852
61.262463,6.955370139,852
61.26244004,6.955359242,852
61.26235144,6.955299982,851.8
61.26227089,6.955219181,851.8
61.2621833,6.95513402,851.8
61.26200812,6.955016089,851.6
61.2619678,6.954986248,851.6
61.26190184,6.954933695,851.6
61.26185884,6.954893545,851.6
61.26171165,6.954674357,851.8
61.26156522,6.954457853,852
61.26151702,6.954411752,852
61.26144586,6.954355846,852.2
61.26134654,6.95431511,852.4
61.26116515,6.954361377,853
61.26098461,6.954333886,853.4
61.26081395,6.95412241,853.8
61.26073214,6.953982011,853.8
61.26056509,6.953745977,854.2
61.26041371,6.953506591,854.4
61.26032076,6.95337508,854.4
61.26029804,6.953355968,854.6
61.26027759,6.953342724,854.6
61.26025479,6.9533268,854.6
61.26016737,6.953274998,854.8
61.26012621,6.953226636,855
61.26010803,6.953205178,855
61.26004357,6.953189921,855
61.26001951,6.953177267,855.2
61.25984525,6.952991606,855.4
61.25971257,6.952722128,855.6
61.25970243,6.9525995,855.6
61.25960218,6.952284928,855.6
61.25947469,6.951996592,855.8
61.25931879,6.951774553,856
61.25916255,6.951589483,856.2
61.258996,6.951364595,856.6
61.25892174,6.951202658,856.6
61.25880095,6.950964276,856.8
61.25870347,6.950646098,856.8
61.25857984,6.950380729,857
61.2585018,6.950223901,857
61.25840809,6.950012594,857.2
61.25832176,6.949798437,857.2
61.25828639,6.949636331,857.2
61.25820114,6.949295606,857.2
61.25806594,6.949022105,857.4
61.25790803,6.94881306,857.6
61.25777383,6.948518773,857.8
61.25770141,6.948186933,857.6
61.25763654,6.948125493,857.8
61.25759144,6.948089283,857.8
61.25743965,6.947817793,858
61.25728877,6.947602379,858.4
61.25714687,6.947581507,858.8
61.25696892,6.947422334,859
61.25682282,6.94714305,859.6
61.25675568,6.946762513,860.2
61.25664814,6.946432348,861
61.25655821,6.946200421,861.6
61.2565163,6.946051139,862
61.25646978,6.945737069,862.4
61.256335,6.945458957,863.2
61.25621228,6.945269779,863.8
61.25611841,6.944928048,864.6
61.25602453,6.944597215,865.4
61.25592244,6.944344834,866
61.25579403,6.944027413,866.8
61.25567442,6.94373564,867.4
61.25561315,6.943362391,868.2
61.25564123,6.942982358,868.6
61.25564265,6.94261347,869.2
61.25552623,6.94230183,870
61.25549873,6.94223025,870.2
61.25539136,6.941925649,870.8
61.25534048,6.941734375,871.2
61.25528885,6.94153103,871.6
61.25521819,6.94117966,872.4
61.25519011,6.941051166,872.6
61.25508643,6.940727793,873.4
61.25504678,6.940659061,873.6
61.25488702,6.940466529,874.2
61.25483933,6.940404083,874.4
61.25481695,6.940362593,874.6
61.25471746,6.940058582,875.2
61.2546872,6.939984569,875.4
61.25461671,6.939780218,876
61.25453557,6.939480146,876.6
61.25458041,6.939104722,877
61.25461436,6.938795847,876.6
61.25456918,6.938735079,876.6
61.25447555,6.938626617,876.4
61.25444111,6.938568363,876.2
61.25442258,6.938500135,876
61.25447187,6.938443808,875.6
61.25448385,6.938459901,875.8
61.25464839,6.93859376,875.8
61.25467798,6.938626113,875.8
61.25486188,6.938610859,875.2
61.2549296,6.938611948,875
61.25496632,6.938606083,875
61.25497931,6.93860013,875
61.25501317,6.938591078,874.8
61.25511157,6.938623767,874.6
61.25517855,6.938629718,874.6
61.25521241,6.938616475,874.4
61.25527343,6.93853911,874
61.25527921,6.938482113,873.6
61.25531048,6.938443389,873.4
61.25547292,6.938363761,872.8
61.25552489,6.938341968,872.6
61.25562111,6.938300645,872.2
61.25563989,6.938303159,872
61.25568213,6.938328221,872
61.25572655,6.93835957,872
61.25579679,6.938394858,872
61.25586779,6.938545312,872.4
61.2558843,6.938574483,872.4
61.25599268,6.938674144,872.6
61.25616652,6.938796268,872.6
61.2562982,6.938860976,872.4
61.25637607,6.938980753,872.4
61.25645234,6.939054849,872.2
61.25661596,6.939219803,871.4
61.25677546,6.93939968,870.8
61.25695291,6.939436393,870.2
61.25712868,6.939499341,869.8
61.25719808,6.939498251,869.6
61.25739782,6.939497412,869
61.25758289,6.939479476,868.6
61.25769211,6.939396494,868.4
61.25775263,6.939353999,868.2
61.25785648,6.939319465,868
61.25786545,6.939317536,868
61.25787375,6.939315526,868
61.25798095,6.939298846,867.8
61.25805999,6.939277054,867.6
61.25821606,6.939070859,867.4
61.2582666,6.939009419,867.4
61.25830734,6.938937752,867.4
61.25833601,6.938891402,867.2
61.25844682,6.93875595,866.4
61.25857598,6.9386583,865.6
61.25872627,6.938653942,865.2
61.2587893,6.93866509,865.2
61.25881218,6.938672968,865
61.258881,6.938649332,864.8
61.25890438,6.938631311,864.6
61.25900086,6.93857247,864.2
61.25919784,6.93860013,863.8
61.25922952,6.938610273,863.8
61.25930278,6.938630473,863.6
61.25932256,6.938647907,863.6
61.25934091,6.938655785,863.6
61.25935885,6.938649415,863.6
61.25940185,6.938615134,863.4
61.25959095,6.938484124,862.4
61.25966856,6.938475491,862
61.25976839,6.938472055,861.8
61.25979228,6.938458895,861.6
61.25981667,6.938447831,861.6
61.25986428,6.938464259,861.6
61.25994449,6.938471972,861.4
61.26012303,6.938351439,860.4
61.26016838,6.938352025,860.4
61.26018908,6.938348422,860.2
61.26028103,6.938292514,859.8
61.26045244,6.938141053,858.8
61.2604889,6.938095037,858.6
61.26052469,6.937998645,858
61.26053601,6.937969056,858
61.2606707,6.937888757,857.2
61.26067808,6.937880962,857.2
61.26072896,6.937844167,857
61.26072996,6.937842071,857
61.26078185,6.937896386,857
61.26078746,6.937910132,857
61.26078134,6.937911976,857
61.26078084,6.937911977,857
61.26078067,6.937912479,857
61.2607857,6.937887836,857
61.26080582,6.93785213,856.8
61.26087145,6.937846848,857
61.26089073,6.937919101,857
61.26091177,6.937946258,857
61.26096223,6.937960843,857.2
61.26100615,6.937943073,857.4
61.26115811,6.937947934,857.8
61.26121838,6.937958244,858
61.26124612,6.937971654,858
61.26126121,6.937971654,858
61.2612773,6.937977187,858
61.26131284,6.938007531,858.2
61.26134394,6.938045585,858.2
61.26135299,6.938062011,858.2
61.26136305,6.938082548,858.2
61.26137193,6.93810501,858
61.26140445,6.938142311,858.2
61.26147897,6.938081626,858.4
61.26149389,6.93807316,858.6
61.26167838,6.938095958,859
61.26172959,6.938095958,859.2
61.2617653,6.938103504,859.2
61.26179354,6.938138288,859.2
61.26182556,6.938162092,859.4
61.26185733,6.938164943,859.4
61.26196705,6.938181204,859.4
61.26198473,6.938170643,859.6
61.26200116,6.938163769,859.6
61.26214106,6.938150608,859.6
61.2621605,6.938139796,859.6
61.26219889,6.938133175,859.6
61.26233753,6.938101574,859.8
61.26241523,6.938124793,859.8
61.26243476,6.938135438,859.6
61.26246946,6.938136694,859.6
61.26254892,6.937974255,860
61.26256308,6.937954137,860
61.26258739,6.937922202,860.2
61.26269476,6.937876522,860.2
61.26287397,6.937858081,860.4
61.2629836,6.937766383,860.6
61.26300942,6.937739812,860.6
61.26309458,6.937604697,860.8
61.2632737,6.937451642,861.2
61.26338937,6.937277969,861.6
61.26340304,6.937212422,861.6
61.26342852,6.937173782,861.8
61.26350094,6.937148551,861.8
61.26355559,6.937126257,861.8
61.26373915,6.937089125,862
61.26391752,6.937087281,862
61.26403688,6.936976136,862.2
61.26417912,6.936932719,862.4
61.26432043,6.936948056,862.4
61.2643636,6.936800117,862.8
61.26446913,6.93678176,862.8
61.26461565,6.936599036,863.2
61.26462805,6.936605405,863.2
61.26476334,6.936648657,863.2
61.26481145,6.936614793,863.2
61.26484154,6.936616385,863.2
61.26488077,6.936655445,863.2
61.26500188,6.936676148,863.2
61.26505008,6.936714704,863
61.26510766,6.936751419,863
61.26513063,6.936751501,863
61.26526072,6.936715712,863
61.26528737,6.936738845,863
61.26530531,6.936762398,863
61.26537236,6.936800954,863
61.26538653,6.936809252,863
61.26544361,6.936846636,862.8
61.26545761,6.936882008,862.8
61.26546884,6.936952416,862.6
61.26549005,6.936970521,862.6
61.26551821,6.936987788,862.6
61.26558409,6.937075965,862.4
61.26571619,6.937333791,862
61.26576221,6.937411828,861.8
61.26580571,6.937499419,861.8
61.26596337,6.937682731,861.4
61.26604945,6.937845759,861.2
61.26608122,6.937890686,861
61.26626244,6.937912228,861
61.26643083,6.93810015,860.8
61.26656888,6.938371725,860.2
61.26670433,6.938608428,859.8
61.26683132,6.938871202,859.4
61.26698974,6.939084603,859.2
61.26714497,6.939317537,859.2
61.26723566,6.939407057,859.2
61.26740112,6.939602019,859.2
61.26756415,6.939790109,859.2
61.26770832,6.9400735,859.2
61.26775232,6.940167798,859.2
61.26779272,6.940544146,859
61.26780261,6.940575241,859
61.26787671,6.940730894,859
61.26795793,6.941069691,859
61.26798567,6.941224672,859
61.26796396,6.941180667,859
61.26796145,6.941178655,859
61.26795818,6.941165998,859
61.26795835,6.941157532,859
61.26798953,6.940913284,859
61.26801518,6.940833238,859
61.26811417,6.940759309,859
61.26824727,6.94065462,859.2
61.26829681,6.940633914,859.2
61.26834316,6.940601226,859.2
61.26839077,6.940541715,859.2
61.26844207,6.940471222,859.2
61.26851826,6.940365275,859.2
61.26854273,6.940342141,859.2
61.2685911,6.940291849,859.2
61.26869151,6.939972499,859.4
61.26869679,6.939927321,859.4
61.26869612,6.939728502,859.4
61.26870157,6.93954209,859.4
61.26870166,6.939495653,859.6
61.26869931,6.939423066,859.6
61.26868908,6.939390376,859.6
61.26866486,6.939273114,859.6
61.26867961,6.939253834,859.6
61.26870275,6.93925551,859.6
61.26872462,6.939264563,859.6
61.26877173,6.939289793,859.6
61.26879293,6.939302032,859.6
61.26883937,6.939335811,859.6
61.26884205,6.939341174,859.6
61.26884222,6.939341761,859.6
61.26884121,6.939339581,859.6
61.26883887,6.93928577,859.6
61.2688361,6.939238076,859.6
61.26881607,6.938981591,859.6
61.26881674,6.938905483,859.8
61.26884532,6.938782939,860
61.26882001,6.938609099,860.4
61.2688154,6.938573307,860.4
61.2688206,6.938543804,860.4
61.26883828,6.938523856,860.4
61.2688724,6.938490328,860.6
61.26890592,6.938470211,860.6
61.26895756,6.938473732,860.6
61.2689775,6.938470462,860.6
61.26904632,6.93847809,860.6
61.26914472,6.938521926,860.6
61.26915394,6.938537266,860.6
61.26916543,6.938553695,860.6
61.26917968,6.938580348,860.4
61.26923751,6.93864598,860.4
61.26927649,6.938660312,860.4
61.26941076,6.93838019,860.8
61.26944521,6.938272314,861.2
61.26946206,6.938251777,861.2
61.26950012,6.93823711,861.2
61.26960807,6.938289412,861.2
61.26965619,6.938222442,861.6
61.26968083,6.938212299,861.6
61.26969474,6.938195033,861.8
61.26976666,6.938157398,862
61.26979952,6.938114903,862.2
61.26999364,6.938082464,862.8
61.27017972,6.938094868,863.2
61.2703772,6.938192686,861.8
61.27055942,6.938249263,860.4
61.27072278,6.93839226,858.8
61.27074868,6.938325957,858.8
61.27074609,6.938269463,859
61.27074273,6.938219257,859.2
61.27083996,6.938074586,859.2
61.27087349,6.938048685,859
61.27093795,6.938057318,858.6
61.27108262,6.938130074,857.4
61.27117625,6.938281869,856.2
61.27124984,6.938347584,855.4
61.27139577,6.938380608,854.4
61.27141421,6.93836175,854.4
61.2714365,6.938291173,854.4
61.271566,6.938247755,853.8
61.27162233,6.93813041,853.8
61.27163474,6.938103084,853.8
61.2716463,6.93807073,853.8
61.27165753,6.938037453,854
61.27166734,6.938004931,854
61.27167589,6.937965788,854
61.27168436,6.937923795,854.2
61.27171076,6.937501597,855.6
61.27171378,6.937100355,857.2
61.27177748,6.936795757,858
61.27176935,6.936764577,858
61.27175275,6.936723757,858.4
61.27174982,6.936695175,858.4
61.27177488,6.93630374,859.8
61.27177848,6.936265015,860
61.27178083,6.936223022,860
61.27177832,6.936183291,860.2
61.27179206,6.935820524,861.6
61.27188477,6.935540987,862
61.27203774,6.935332948,861.8
61.27218274,6.935293637,861
61.27228266,6.935256422,860.4
61.27244191,6.935067912,860.2
61.27245264,6.935038241,860.2
61.27246521,6.934669017,861.6
61.2725378,6.934318069,862.4
61.27258013,6.933932081,863.6
61.27256982,6.933565121,865
61.2725772,6.933450038,865.4
61.27255415,6.93329229,866.2
61.27264526,6.932944776,866.8
61.27270762,6.932588042,867
61.27263143,6.932474803,867.8
61.27255691,6.932468684,868.6
61.2724508,6.932483268,869.4
61.27238064,6.932456783,870
61.27233739,6.932262992,870.8
61.2723187,6.931951186,871.6
61.27232549,6.931871307,871.6
61.27230319,6.931797965,872
61.27230914,6.931743817,872
61.27231987,6.931663351,872.2
61.27232037,6.931547849,872.4
61.27232155,6.93146537,872.6
61.27232323,6.931414911,872.6
61.2723197,6.931364788,872.8
61.27228743,6.931221708,873.4
61.27226799,6.931145182,873.6
61.27215936,6.930891209,875
61.27214519,6.930865311,875.2
61.27213011,6.930841086,875.4
61.27211552,6.9308177,875.6
61.27209063,6.930770342,875.8
61.27208174,6.930740755,876
61.27207294,6.930716531,876.2
61.27206917,6.930611758,876.4
61.2720685,6.930255024,876.4
61.27206917,6.930194506,876.4
61.27202148,6.929804999,876.8
61.27201184,6.929435944,876.8
61.27201762,6.92937903,876.8
61.27200773,6.929280126,877
61.27199072,6.929072756,877
61.27199097,6.929028752,877
61.27199943,6.928903861,877
61.2720027,6.928861951,877
61.27200153,6.92879892,877
61.27199583,6.928729097,877
61.27199608,6.928663636,877
61.27199356,6.928633041,877
61.2719877,6.928607141,877
61.27198409,6.928589371,877.2
61.27198342,6.928594819,877.2
61.27198275,6.92859658,877.2
61.2719846,6.928607309,877.2
61.27197387,6.928226855,877.2
61.2719452,6.928040943,877.4
61.27190271,6.927667866,877.8
61.27189583,6.927563093,877.8
61.2718074,6.927202585,878.6
61.27173917,6.926865131,879.2
61.27164085,6.926549469,880
61.2715313,6.926242189,881
61.27154538,6.925858464,880.8
61.2715448,6.925664674,880.8
61.27153834,6.925365105,880.8
61.2716054,6.924982891,880.2
61.271667,6.924716682,879.8
61.27169123,6.924361958,879.6
61.27161344,6.924002542,880.2
61.2715738,6.923601553,880.8
61.27155067,6.923392258,882
61.27156517,6.923084388,883.8
61.27160582,6.922887835,885
61.27161847,6.922870986,885
61.27160892,6.922736289,885.8
61.27160498,6.922329599,888.4
61.2715971,6.922289616,888.6
61.27159291,6.922248546,888.8
61.2715945,6.922204039,888.8
61.27160137,6.922060707,888.8
61.27159283,6.922016955,889
61.27157749,6.921975295,889
61.27150909,6.921738256,889.4
61.27149836,6.92169534,889.4
61.27148621,6.921655694,889.6
61.27144966,6.92149493,889.8
61.27145654,6.92120433,890
61.27144489,6.921142387,890.2
61.27143642,6.921092179,890.2
61.27136325,6.921001403,890.4
61.27135377,6.92093946,890.6
61.27136635,6.920893192,890.6
61.27152518,6.920984555,890
61.2715883,6.921033002,889.8
61.2715888,6.920657327,890.2
61.27158411,6.920500835,890.4
61.27158847,6.920466386,890.4
61.27158721,6.920433528,890.4
61.27158344,6.920400421,890.6
61.2715707,6.920318193,890.6
61.27156466,6.920276283,890.6
61.27156123,6.920224568,890.8
61.27156332,6.920172349,890.8
61.27157246,6.920081991,890.8
61.27157103,6.920040081,890.8
61.27156852,6.92001041,891
61.27155955,6.919989371,891
61.27152032,6.919904965,891.2
61.27151286,6.919882419,891.2
61.27150817,6.91985853,891.2
61.27149333,6.919745793,891.4
61.27149526,6.919594165,891.4
61.27149099,6.919539263,891.6
61.27148126,6.919471454,891.6
61.27146634,6.919410098,891.8
61.27145746,6.919369614,891.8
61.27145268,6.919333152,891.8
61.27136618,6.918973736,892.4
61.27130164,6.918800985,892.8
61.27129745,6.918775169,892.8
61.27129502,6.918749604,892.8
61.27129057,6.918723788,892.8
61.27129208,6.918691434,892.8
61.27128144,6.918661678,893
61.2712671,6.91860267,893
61.27127666,6.918393708,893.2
61.27125512,6.91832263,893.2
61.27123291,6.918257419,893.4
61.27123291,6.918212576,893.4
61.27125696,6.918050303,893.6
61.27127565,6.917741261,893.8
61.27127716,6.917651575,893.8
61.27127775,6.917599188,894
61.2712801,6.917550908,894
61.27127859,6.917504305,894
61.27124967,6.917281095,894.4
61.27118899,6.917080349,894.6
61.27118429,6.917054112,894.6
61.27117591,6.916987309,894.8
61.27117348,6.916919248,894.8
61.27116736,6.916883878,894.8
61.27116761,6.916884548,894.8
61.27116904,6.916886307,894.8
61.27115454,6.916843224,895
61.27113769,6.916758483,895
61.27112453,6.916708359,895.2
61.27110399,6.916649937,895.2
61.27102286,6.916285158,895.8
61.27099897,6.916205446,896
61.27098715,6.916162028,896
61.27097433,6.916118861,896
61.27095387,6.916022216,896.2
61.27090526,6.915769251,896.6
61.27088523,6.915673111,896.8
61.27079948,6.915311768,897.2
61.2707652,6.915053772,897.6
61.27070066,6.914661331,898.2
61.27070049,6.914284312,899
61.27061826,6.91393923,900.6
61.27060376,6.913898828,900.8
61.27059287,6.9138824,900.8
61.2705813,6.913862117,900.8
61.2704528,6.913564558,901.6
61.27039664,6.913400274,902.2
61.27038323,6.913297762,902.4
61.27037854,6.913234481,902.6
61.27035222,6.913164491,902.8
61.27027653,6.912987632,903.4
61.27026622,6.912957458,903.4
61.27025608,6.912927953,903.4
61.27023228,6.912779845,904
61.2701757,6.912646406,904
61.27016371,6.91263048,904
61.27015256,6.91260282,903.8
61.27013932,6.912570214,903.8
61.2701156,6.912534926,903.8
61.27009322,6.912494861,903.6
61.27003807,6.912346835,903.6
61.27000454,6.912270981,903.4
61.26989256,6.911975183,903.4
61.26986565,6.911899325,903.4
61.26985509,6.911820621,903.4
61.26983296,6.911722721,903.6
61.26982617,6.91164351,903.8
61.26980027,6.911506969,904
61.26979239,6.911440501,904.2
61.26978627,6.911258195,904.6
61.26979424,6.910881679,906
61.26970564,6.910595688,906
61.26966071,6.910423607,906.2
61.2696556,6.910394105,906.2
61.26964839,6.91036569,906.2
61.26957798,6.910191681,906.2
61.2695691,6.910162092,906.2
61.26955745,6.910082634,906.2
61.26952752,6.909851461,906.8
61.2693816,6.909600423,906.2
61.26930549,6.909429599,906
61.26918085,6.909137321,905.6
61.26904691,6.908839093,905.2
61.26900843,6.908683358,905.4
61.26899578,6.9086272,905.4
61.26890408,6.908320589,905.6
61.2688185,6.908061672,905.6
61.26880333,6.908060415,905.4
61.26878757,6.908063182,905.2
61.26876812,6.908062762,905
61.26874356,6.908053457,904.8
61.26865346,6.907887495,904.4
61.26860468,6.907519783,905.2
61.26855095,6.90732331,905.2
61.26848976,6.907183164,905.2
61.26836487,6.906966324,904.6
61.268315,6.906914945,904.2
61.2682958,6.906879824,904.2
61.26827636,6.906846882,904
61.26815608,6.906620823,903.6
61.26813353,6.906596432,903.4
61.26797059,6.906425272,902.4
61.26782415,6.906188233,901.6
61.26776255,6.906075915,901.4
61.26767965,6.905845916,901.4
61.2675338,6.905662017,900.4
61.26750162,6.905513154,900.8
61.26747538,6.905466801,900.6
61.26745828,6.905474095,900.4
61.26739022,6.905411902,900
61.26735494,6.905411732,899.8
61.26734689,6.905402847,899.6
61.26733884,6.905389017,899.6
61.26733071,6.905374601,899.6
61.26730121,6.905321126,899.6
61.26729668,6.905319448,899.6
61.26729081,6.905318694,899.4
61.26727313,6.905385079,899
61.26727397,6.905374518,899
61.26730079,6.905401506,899.2
61.26731135,6.905429838,899.2
61.26729987,6.90543956,899
61.26728897,6.905435789,899
61.26727782,6.905428328,898.8
61.26725687,6.905388682,898.8
61.26740824,6.905579708,899.6
61.26745057,6.905584317,900
61.2674732,6.905590937,900.2
61.26751712,6.905607536,900.6
61.26753464,6.905610636,900.6
61.26757697,6.905657155,901
61.26758837,6.905677691,901
61.2676048,6.905694874,901.2
61.26762718,6.905714236,901.2
61.26777755,6.905886232,902.2
61.2678198,6.905958569,902.4
61.26796975,6.906249085,903
61.26804041,6.906401804,903.2
61.26807662,6.906469278,903.4
61.26817301,6.906568521,904
61.26819598,6.906591654,904.2
61.26823822,6.90665678,904.4
61.26829329,6.90675837,904.6
61.26833403,6.906833555,904.8
61.26837996,6.90691134,905
61.26844961,6.90699256,905.4
61.26850845,6.907072272,905.8
61.26856185,6.907236724,905.6
61.26859998,6.907356001,905.6
61.26864181,6.907461947,905.8
61.26867743,6.907722037,905.2
61.26869042,6.907784902,905.2
61.26869269,6.907844832,905
61.26873803,6.908003837,905
61.26881339,6.908067203,905.4
61.26895588,6.908300807,906.2
61.26904171,6.908593755,906
61.26915428,6.908927105,906
61.26928194,6.90926875,906.2
61.26939408,6.90953764,906.4
61.2694116,6.909584999,906.4
61.2694282,6.909627914,906.4
61.26944463,6.909668818,906.6
61.26950565,6.909784069,906.8
61.26963791,6.910065283,907.2
61.26965728,6.910110461,907.2
61.26972324,6.910466609,906.6
61.26977546,6.910714461,906.4
61.26981905,6.910891486,906.2
61.26983305,6.910993914,906
61.26980773,6.911252914,905
61.26980773,6.911368081,904.6
61.26981729,6.911484506,904.2
61.26984277,6.91158861,904.2
61.26985777,6.911633705,904.2
61.26993338,6.911911898,904
61.27004041,6.912178025,904.2
61.27015432,6.912526544,904.2
61.27028567,6.912845978,903.8
61.27039958,6.913140098,903
61.27045465,6.913354257,902.4
61.27054978,6.913721805,901.2
61.27066201,6.914009638,900.4
61.27074332,6.914358912,898.8
61.27082303,6.914717238,897.8
61.27084684,6.915108507,897.4
61.27087131,6.915493654,897
61.27091792,6.915666909,896.6
61.27107893,6.915841754,896
61.27122461,6.916090194,895.6
61.27133651,6.916383224,895
61.27138462,6.916441312,894.8
61.27154203,6.916384566,894.4
61.27162551,6.916524293,894.2
61.27166063,6.91651985,894
61.27180724,6.916535022,893.6
61.27189147,6.916579447,893.4
61.27189935,6.916605012,893.4
61.27200832,6.91690458,892.8
61.27201754,6.917002982,892.8
61.2720048,6.917197947,892.6
61.27200337,6.917256284,892.6
61.27200287,6.91730666,892.4
61.27204218,6.917693652,892
61.27204562,6.917787446,892
61.27204411,6.917823153,891.8
61.27204411,6.917843019,891.8
61.2720457,6.917859948,891.8
61.27204712,6.917874115,891.8
61.27205299,6.917883,891.8
61.2720664,6.917885262,891.8
61.27206699,6.917894817,891.8
61.27207068,6.917895404,891.8
61.27207554,6.917897333,891.8
61.27208208,6.917893142,891.8
61.27208929,6.917889202,891.8
61.27212868,6.917937817,891.6
61.27215123,6.918009986,891.4
61.27216036,6.918059773,891.4
61.27216321,6.918073521,891.4
61.27216866,6.918083579,891.4
61.27217797,6.918094222,891.2
61.27218777,6.918107467,891.2
61.27219582,6.918119201,891.2
61.27220219,6.918134458,891.2
61.27220814,6.918144431,891.2
61.27225298,6.918102774,891.2
61.27233001,6.918001352,891
61.27234217,6.917973943,891
61.27240294,6.91784461,891
61.27247829,6.917846873,890.8
61.2726694,6.91793832,890.2
61.27285791,6.918031024,889.8
61.27297207,6.918079472,889.4
61.27299596,6.918111322,889.4
61.27309042,6.918249372,889
61.27313929,6.918344339,888.8
61.27316988,6.918407205,888.6
61.2732687,6.918739797,888
61.27334976,6.91895647,887.6
61.27345185,6.919265008,887.2
61.27359157,6.919553345,886.6
61.27374211,6.9197903,886
61.27390439,6.920028012,885.2
61.27403833,6.920319451,884.6
61.27410698,6.920706526,884.2
61.27424972,6.920953375,883.6
61.27442105,6.921128136,883
61.27455784,6.921263002,882.6
61.2747062,6.921492247,882
61.27488541,6.921550919,881.4
61.27504583,6.9217142,881
61.27505925,6.92174253,880.8
61.27519092,6.921988456,880.4
61.27534859,6.922197585,879.8
61.27543827,6.92235198,879
61.27560055,6.922538895,877.4
61.27553215,6.922654399,877
61.27550013,6.922671414,877
61.27549938,6.92267267,877
61.27549963,6.922672671,877
61.27550198,6.922670239,877
61.27551237,6.922655823,877
61.27568311,6.92263973,876.6
61.27578654,6.922686249,876.2
61.2758111,6.922713071,876
61.27583365,6.922746934,875.6
61.27585318,6.922775852,875.4
61.27591462,6.92286822,874.8
61.27593775,6.92290309,874.4
61.27595804,6.922937707,874.2
61.2759986,6.923063017,873.4
61.27601353,6.923107607,873
61.27605401,6.923205006,872.4
61.27613372,6.923214477,872.2
61.27619449,6.923292094,871.6
61.2762167,6.923312126,871.4
61.27626557,6.923346408,871
61.27638979,6.923477334,870
61.27647704,6.923571462,869.2
61.27648518,6.923580011,869.2
61.27648819,6.923599709,869
61.27648802,6.923648994,868.6
61.27648635,6.923674057,868.6
61.27648434,6.923703393,868.4
61.27648442,6.923733484,868.2
61.27648584,6.923758882,868
61.27649657,6.923793667,867.8
61.27650068,6.923844041,867.4
61.27648392,6.923970272,866.8
61.27648844,6.924159788,865.6
61.27654645,6.924310577,864.6
61.27669615,6.924538315,862.8
61.27687535,6.924682652,861.6
61.27688315,6.924711652,861.4
61.27683311,6.925098308,859.2
61.27674376,6.92543585,857.4
61.2765881,6.925654532,856.4
61.27654091,6.925905067,855
61.27656271,6.926054014,854
61.27656841,6.926088128,853.8
61.27662356,6.926298765,852.4
61.27664083,6.926682574,850.2
61.2766125,6.926816515,849.4
61.27655231,6.927030925,848.2
61.27652499,6.92719957,847.4
61.27654443,6.927615898,844.8
61.27658458,6.927982188,842.4
61.27664309,6.928364233,840
61.27673253,6.928681573,838
61.27679883,6.929028416,836.6
61.27681819,6.9291347,836.6
61.27682288,6.929183314,836.4
61.27682397,6.929229164,836.4
61.2768202,6.929270906,836.4
61.27681559,6.929311304,836.6
61.2768109,6.929391603,836.6
61.27681551,6.929433346,836.6
61.27684811,6.929556392,836.2
61.27686253,6.929592519,836.2
61.2768787,6.929623699,836
61.27689522,6.92964809,835.8
61.27692749,6.929702992,835.6
61.27695465,6.929758648,835.4
61.27697795,6.929824026,835.2
61.27705749,6.930191908,834.6
61.27716721,6.930496841,833.6
61.27719646,6.930583342,833.4
61.27722647,6.930670264,833
61.27726302,6.930744359,832.6
61.27729688,6.930823483,832
61.27732429,6.93091686,831.6
61.27744155,6.93117259,830.2
61.27745806,6.931216344,830
61.2774703,6.931264875,829.8
61.27748514,6.931366129,829.4
61.27748606,6.931415162,829.2
61.27749327,6.931498897,829
61.27750299,6.931599566,828.8
61.27754691,6.931985888,827.6
61.27755563,6.932032071,827.4
61.27758983,6.932413029,826.4
61.27766736,6.932746294,825
61.27779108,6.933043011,823.4
61.27790951,6.933338054,821.8
61.27802275,6.933627903,820.2
61.27818771,6.933807777,818.4
61.27826013,6.933941551,817.6
61.27840027,6.934183453,816
61.27843338,6.934304992,815.4
61.27843866,6.934399791,815.2
61.27845132,6.934433235,815
61.27848476,6.934489058,814.6
61.27853522,6.934598526,814
61.27858518,6.934830537,813.2
61.27858995,6.934883594,813.2
61.27857445,6.935291625,812.4
61.2786037,6.93564006,811.6
61.27860446,6.935711811,811.4
61.27863765,6.935773752,811
61.27882423,6.935819854,810.2
61.27884854,6.935821446,810.2
61.27889464,6.935833935,809.8
61.27908625,6.935883303,809
61.27916453,6.935878778,808.6
61.2791927,6.93585841,808.6
61.27922036,6.93584986,808.4
61.27924718,6.935846172,808.4
61.27944793,6.9359144,807.4
61.27962696,6.936103582,806.2
61.27981229,6.936100564,805.4
61.27994682,6.936128307,804.8
61.28013097,6.936160327,804
61.28022024,6.936497445,803
61.28024161,6.936523429,802.8
61.28040137,6.936696266,801.8
61.28053824,6.936932802,800.8
61.28063338,6.937301272,799.6
61.28082256,6.937377126,798.6
61.28100956,6.937392885,797.8
61.28118642,6.937446529,797
61.28135104,6.937577036,796
61.2815056,6.937805526,794.8
61.28166419,6.938010547,793.8
61.28183048,6.938208778,792.8
61.28199519,6.938381364,791.6
61.28210331,6.938521257,791
61.28219912,6.938627455,790.4
61.28231303,6.938903136,789.2
61.28237682,6.93925216,787
61.28249953,6.939581399,784.2
61.28264755,6.939697237,783
61.2828084,6.939912066,780.8
61.28282583,6.939957243,780.4
61.28288451,6.940064113,779.6
61.28299196,6.940208869,778.2
61.28305617,6.940281038,777.4
61.28311669,6.940377931,776.6
61.28328885,6.940596951,774.4
61.28339966,6.940909344,771.8
61.28353075,6.941187037,769.6
61.28368137,6.941395496,767.6
61.28372152,6.941524911,766.6
61.28386133,6.941793215,764.2
61.28399989,6.942042912,762
61.28405387,6.942193285,760.8
61.28414783,6.942520431,758.4
61.2842241,6.942895184,755.6
61.28428521,6.943259295,753
61.28438705,6.943614269,750.2
61.284508,6.943920292,747.8
61.28464077,6.944230674,745.2
61.28473028,6.944589169,742.4
61.28478091,6.945003989,739.6
61.28482408,6.945234238,738
61.28490195,6.94559684,737.2
61.28505643,6.945839245,735.6
61.28518023,6.946101096,734.2
61.285342,6.946299998,732.6
61.28549111,6.946572409,731
61.28568767,6.946517425,728.8
61.28586503,6.94639245,726.8
61.28590903,6.946364202,726.4
61.28595874,6.946352888,725.8
61.28598715,6.946353643,725.8
61.2860128,6.946355988,725.6
61.28603417,6.946353055,725.6
61.28607843,6.946331681,725.6
61.28609427,6.9463176,725.6
61.28610911,6.946305865,725.6
61.28612135,6.946310726,725.4
61.28620483,6.946416759,724.4
61.28622076,6.94646462,724
61.2862247,6.946622869,723
61.28618178,6.946778605,723.4
61.28615605,6.946932747,723.8
61.28619787,6.947125113,723.4
61.28616175,6.947339354,723.4
61.28608849,6.947594834,722.4
61.28608212,6.947658202,722
61.28607659,6.947717629,721.6
61.28606217,6.947832042,721
61.28604096,6.947949725,720.4
61.28602261,6.94813991,719.2
61.28601129,6.948263627,718.6
61.28602387,6.948634274,715.8
61.28605806,6.949038617,712.6
61.28606862,6.949092932,712.2
61.28608103,6.949152275,711.6
61.28609234,6.949209776,711
61.28614901,6.949549328,708.2
61.28619377,6.949931206,705
61.28628228,6.95010488,702.8
61.28633685,6.950470162,699.6
61.28642812,6.95081491,696.2
61.28659383,6.951046921,692.8
61.28661144,6.951096123,692.4
61.28668528,6.951450426,689
61.28663256,6.951799029,687.2
61.2866976,6.952155847,684
61.28673624,6.95249741,681.2
61.28674446,6.952559017,680.8
61.28675468,6.95261727,680.2
61.28680204,6.952772671,678.6
61.28693816,6.953058662,676.6
61.28703279,6.953395782,675.4
61.28706456,6.953488486,675.2
61.28709842,6.953859384,673
61.28710488,6.953916299,672.6
61.28713975,6.954140345,671.6
61.28718157,6.954457014,669.8
61.28716908,6.954699504,668
61.28714587,6.955105104,665
61.28713531,6.95550492,662
61.28715903,6.955777331,660.6
61.28717445,6.955888141,660.2
61.287255,6.956227189,659
61.28732046,6.956425505,658.6
61.28733831,6.956463725,658.6
61.28737628,6.956529525,658.8
61.28739431,6.95655819,658.8
61.28743068,6.95668702,658.4
61.28743731,6.956733791,658.2
61.28744284,6.956774443,658
61.28745105,6.956811828,657.8
61.28750486,6.957154061,656.2
61.28752724,6.957554715,653.8
61.28758089,6.957865683,652.4
61.28760033,6.958238428,650
61.28774073,6.958517712,650
61.28786067,6.958828848,649.6
61.2879398,6.959188432,648.2
61.28806385,6.95949127,648
61.28814692,6.959833839,646.8
61.28819411,6.960242205,644.6
61.28819486,6.96040716,643.4
61.28816938,6.960753836,640.6
61.28813946,6.961019123,638.4
61.28813015,6.961119288,637.6
61.28805304,6.961465794,634
61.28805212,6.96186536,631.2
61.28810006,6.962225445,629.4
61.28813309,6.962566339,627.6
61.28817013,6.962965651,625.2
61.28815589,6.963203866,623.4
61.2881817,6.963552302,621.4
61.28814306,6.963931163,618.2
61.28820408,6.964260656,616.6
61.28835303,6.964499122,617
61.288435,6.964825011,615.6
61.28846099,6.964930956,615.2
61.2884718,6.964985356,615
61.28848186,6.965036235,614.8
61.28849426,6.965080155,614.6
61.28850868,6.965115275,614.6
61.28852402,6.965155509,614.4
61.28853626,6.965201275,614.4
61.2885464,6.965245614,614.2
61.28857322,6.965382658,613.6
61.28861412,6.965497071,613.2
61.28878201,6.965655658,614.4
61.28879392,6.965768728,613.8
61.28885041,6.965901079,613.6
61.28899374,6.966161168,613.8
61.28902568,6.966244988,613.8
61.28899332,6.966642961,610.8
61.28901117,6.967056104,608.6
61.28903624,6.967441924,606.6
61.28904671,6.967501687,606.4
61.28905652,6.96757201,606
